     1 210 101
     2 120 101
     3 333 101
     4 373 101
     5 375 101
     6 376 101
     7 343 101
     8 252 101
     9 214 101
    10 120 101
    11  77 101
    12 325 101
    13  30 101
    14 247 101
    15 150 101
    16 266 101
    17   7 101
    18 245 101
    19 167 101
    20 237 101
    21  47 101
    22 364 101
    23 314 101
    24 114 101
    25  54 101
    26 222 101
    27 172 101
    28  66 101
    29 342 101
    30 260 101
    31  77 101
    32  65 101
    33 135 101
    34 353 101
    35 270 101
    36 356 101
    37 154 101
    38 253 101
    39  10 101
    40 374 101
    41 307 101
    43 306 101
    44 274 101
    45 336 101
    46 305 101
    47  50 101
    48 374 101
    49  66 101
    50 106 101
    51  35 101
    52 313 101
    53 117 101
    54 232 101
    55 246 101
    56 267 101
    57 374 210
    58 363 120
    59  41 333
    60 135 373
    61 374 375
    62 172 376
    63 304 343
    64 137 252
    65 312 214
    66 251 120
    67  60  77
    68  65 325
    69  51  30
    70 314 247
    71   7 150
    72 357 266
    73 241   7
    74 231 245
    75 113 167
    76 164  37
    77  75  47
    78 251 364
    79  61 314
    80 117 114
    81  66  54
    82 334 222
    83 161 172
    84  15  66
    85  23 342
    86 106 260
    87  26  77
    88  61  65
    89 313 135
    90 132 353
    91 356 270
    92 112 356
    93 354 154
    94 206 253
    95   2  10
    96 354 374
    97 110 307
    98 236 101
    99 276 306
   100 130 274
   101 364 336
   102 212 105
   103   4  50
   104   1 374
   105 332  66
   106 147 106
   107 170  35
   108 157 313
   109 276 117
   110 234 232
   111 212 246
   112 254 267
   113  33 374
   114   7 363
   115 361  41
   116 137 335
   117 146 374
   118 250 172
   119  13 304
   120 210 137
   121  76 312
   122 324 251
   123 272  60
   124 170  65
   125 111  51
   126 207 314
   127 146   7
   128 172 357
   129 101 241
   130 101 231
   131 101 113
   132 101 164
   133 101  75
   134 101 251
   135 101  61
   136 101 117
   137 101  66
   138 101 334
   139 101 161
   140 101 215
   141 101  23
   142 101 106
   143 101  26
   144 101  61
   145 101 313
   146 101 132
   147 101 356
   148 101 112
   149 101 354
   150 101 206
   151 101   2
   152 101 354
   153 101 110
   154 101 236
   155 101 276
   156 101 130
   157 101 364
   158 101 212
   159 101   4
   160 101   1
   161 101 332
   162 101 147
   163 101 170
   164 101 157
   165 101 276
   166 101  34
   167 101 213
   168 101 254
   169 101  33
   170 101   7
   171 101 361
   172 101 137
   173 101 146
   174 101 250
   175 101  13
   176 101 210
   177 101  76
   178 101 324
   179 101 272
   180 101 370
   181 101 111
   182 101 207
   183 101 146
   184 101 172
